{
 "cells": [
  {
   "cell_type": "code",
   "execution_count": 23,
   "metadata": {},
   "outputs": [],
   "source": [
    "import numpy as np\n",
    "import math\n",
    "import matplotlib.pyplot as plt\n",
    "from mpl_toolkits.mplot3d import Axes3D\n",
    "from PCA import unit\n",
    "from PIL import Image"
   ]
  },
  {
   "cell_type": "code",
   "execution_count": 30,
   "metadata": {},
   "outputs": [
    {
     "name": "stdout",
     "output_type": "stream",
     "text": [
      "[[7560532.24267204 7457291.95701611 7155771.02728675 ... 7670954.11704337\n",
      "  8002365.32534537 8135447.43394423]\n",
      " [7457291.95701611 7510625.51089059 7199848.36611057 ... 7556976.99841863\n",
      "  7938753.03783272 8053603.71805104]\n",
      " [7155771.02728675 7199848.36611057 7175501.87961053 ... 7429068.75059201\n",
      "  7723325.97080122 7870105.16600088]\n",
      " ...\n",
      " [7670954.11704337 7556976.99841863 7429068.75059201 ... 8551002.89981607\n",
      "  8572344.68187691 8568222.39846505]\n",
      " [8002365.32534537 7938753.03783272 7723325.97080122 ... 8572344.68187691\n",
      "  9072249.97652285 9075297.16596429]\n",
      " [8135447.43394423 8053603.71805104 7870105.16600088 ... 8568222.39846505\n",
      "  9075297.16596429 9523688.34981328]]\n",
      "[[9470453.7952872  8856396.31787552 8652900.3839308  ... 7833439.38763011\n",
      "  7894955.81853818 7982808.13572815]\n",
      " [8856396.31787552 8470830.45963025 8301933.83214215 ... 7339646.65519668\n",
      "  7400849.64472327 7488510.13437238]\n",
      " [8652900.3839308  8301933.83214215 8288819.36061308 ... 7323277.16280482\n",
      "  7380722.27518873 7467096.52903384]\n",
      " ...\n",
      " [7833439.38763011 7339646.65519668 7323277.16280482 ... 8025944.99992666\n",
      "  8057704.99179508 8093557.64190413]\n",
      " [7894955.81853818 7400849.64472327 7380722.27518873 ... 8057704.99179508\n",
      "  8116418.13376641 8171760.84003199]\n",
      " [7982808.13572815 7488510.13437238 7467096.52903384 ... 8093557.64190413\n",
      "  8171760.84003199 8256590.2155281 ]]\n",
      "[[9067460.51522041 9012989.93899343 8980084.71918928 ... 6504455.9411006\n",
      "  6531001.45208991 6435136.2084555 ]\n",
      " [9012989.93899343 9067324.60606263 9051525.95151379 ... 6533149.52760228\n",
      "  6559852.66317416 6483255.47187902]\n",
      " [8980084.71918928 9051525.95151379 9121567.8308384  ... 6564550.026409\n",
      "  6599427.93693581 6522703.19099472]\n",
      " ...\n",
      " [6504455.9411006  6533149.52760228 6564550.026409   ... 5654053.95198001\n",
      "  5593970.3442064  5393761.34709737]\n",
      " [6531001.45208991 6559852.66317416 6599427.93693581 ... 5593970.3442064\n",
      "  5645024.84088079 5474436.56289875]\n",
      " [6435136.2084555  6483255.47187902 6522703.19099472 ... 5393761.34709737\n",
      "  5474436.56289875 5477326.91402626]]\n",
      "[[9280871.79318239 9263062.68320604 9037605.98313396 ... 7023996.27560537\n",
      "  7057360.36351864 7068655.61382409]\n",
      " [9263062.68320604 9317677.73805102 9132666.48599967 ... 7020150.76222019\n",
      "  7047685.10853984 7052614.11399617]\n",
      " [9037605.98313396 9132666.48599967 9071298.37446152 ... 6902110.2474902\n",
      "  6911372.91415139 6895173.10576635]\n",
      " ...\n",
      " [7023996.27560537 7020150.76222019 6902110.2474902  ... 6745637.56645154\n",
      "  6635365.94509951 6531786.30609092]\n",
      " [7057360.36351864 7047685.10853984 6911372.91415139 ... 6635365.94509951\n",
      "  6704734.90255793 6653597.60255436]\n",
      " [7068655.61382409 7052614.11399617 6895173.10576635 ... 6531786.30609092\n",
      "  6653597.60255436 6728940.17284366]]\n",
      "[[10857852.40851361 10756967.86437904 10699283.76298713 ...\n",
      "   9394555.55826678  9319705.97354256  9320350.88617859]\n",
      " [10756967.86437904 10685250.83733046 10652380.57150127 ...\n",
      "   9314426.17188045  9245104.46844976  9237762.63410004]\n",
      " [10699283.76298713 10652380.57150127 10689801.19411114 ...\n",
      "   9329751.11834311  9267993.79157262  9254748.51065894]\n",
      " ...\n",
      " [ 9394555.55826678  9314426.17188045  9329751.11834311 ...\n",
      "   9151902.31873628  8972437.77498522  8889107.04140378]\n",
      " [ 9319705.97354256  9245104.46844976  9267993.79157262 ...\n",
      "   8972437.77498522  9025202.81081259  8959199.25394549]\n",
      " [ 9320350.88617859  9237762.63410004  9254748.51065894 ...\n",
      "   8889107.04140378  8959199.25394549  9052295.74587099]]\n",
      "[[8300043.89975586 8179340.11603267 7915519.06873558 ... 7090808.30668547\n",
      "  7128317.85210627 7121407.4909638 ]\n",
      " [8179340.11603267 8140882.09200512 7926641.27437441 ... 7013570.87726264\n",
      "  7034392.37218283 7017023.68552872]\n",
      " [7915519.06873558 7926641.27437441 7833879.34078248 ... 6827890.67863136\n",
      "  6838711.59034332 6823850.06803887]\n",
      " ...\n",
      " [7090808.30668547 7013570.87726264 6827890.67863136 ... 7490209.74068564\n",
      "  7519623.48513177 7519088.34615692]\n",
      " [7128317.85210627 7034392.37218283 6838711.59034332 ... 7519623.48513177\n",
      "  7591469.00478645 7618556.68136159]\n",
      " [7121407.4909638  7017023.68552872 6823850.06803887 ... 7519088.34615692\n",
      "  7618556.68136159 7685589.81204982]]\n",
      "[[6706861.74987266 6449061.04543875 6387477.06700861 ... 7133660.38423834\n",
      "  7213999.31783066 7225526.85300195]\n",
      " [6449061.04543875 6335620.40439803 6276933.09377596 ... 6886709.1104944\n",
      "  6969577.8257229  6987709.38031447]\n",
      " [6387477.06700861 6276933.09377596 6398308.69694827 ... 6990008.73773069\n",
      "  7096381.54851062 7101217.08294481]\n",
      " ...\n",
      " [7133660.38423834 6886709.1104944  6990008.73773069 ... 8618487.68096882\n",
      "  8647076.79314829 8606751.90605646]\n",
      " [7213999.31783066 6969577.8257229  7096381.54851062 ... 8647076.79314829\n",
      "  8757058.99169013 8725460.58348533]\n",
      " [7225526.85300195 6987709.38031447 7101217.08294481 ... 8606751.90605646\n",
      "  8725460.58348533 8727276.34760099]]\n",
      "[[3298831.89318279 3123566.52145286 2901802.23037854 ... 4026936.11461336\n",
      "  4031529.87435182 4146645.81148071]\n",
      " [3123566.52145286 3052668.76611392 2883255.00998814 ... 3938420.74273635\n",
      "  3950187.72250718 4063532.9946359 ]\n",
      " [2901802.23037854 2883255.00998814 2887416.76257736 ... 3770128.73283661\n",
      "  3798799.33423219 3901542.83297282]\n",
      " ...\n",
      " [4026936.11461336 3938420.74273635 3770128.73283661 ... 5839012.34794904\n",
      "  5841628.0916663  5986071.94374272]\n",
      " [4031529.87435182 3950187.72250718 3798799.33423219 ... 5841628.0916663\n",
      "  5900542.76480485 6055646.11941802]\n",
      " [4146645.81148071 4063532.9946359  3901542.83297282 ... 5986071.94374272\n",
      "  6055646.11941802 6243584.16037427]]\n",
      "[[5098752.56434326 5086592.88785044 5389819.10275877 ... 5356741.9689061\n",
      "  5438538.41659481 5287503.91542435]\n",
      " [5086592.88785044 5439585.15494443 6010274.78740299 ... 5490614.79225294\n",
      "  5547116.158338   5479743.6933016 ]\n",
      " [5389819.10275877 6010274.78740299 7216490.78979993 ... 6048679.88201273\n",
      "  6049619.01455115 6136188.68082327]\n",
      " ...\n",
      " [5356741.9689061  5490614.79225294 6048679.88201273 ... 6541138.01325836\n",
      "  6566217.5061655  6441686.68208332]\n",
      " [5438538.41659481 5547116.158338   6049619.01455115 ... 6566217.5061655\n",
      "  6679646.64619814 6521221.34425519]\n",
      " [5287503.91542435 5479743.6933016  6136188.68082327 ... 6441686.68208332\n",
      "  6521221.34425519 6523540.54717641]]\n",
      "[[12103618.01093014 12095043.78420463 12076979.82990717 ...\n",
      "   3197927.9123258   3325818.87781095  3414599.71815562]\n",
      " [12095043.78420463 12090579.08307564 12071062.40901616 ...\n",
      "   3200101.73881568  3327357.93711305  3415718.35195394]\n",
      " [12076979.82990717 12071062.40901616 12055621.63539814 ...\n",
      "   3190143.75128483  3318528.52322879  3406290.69563318]\n",
      " ...\n",
      " [ 3197927.9123258   3200101.73881568  3190143.75128483 ...\n",
      "   1470644.87754369  1509580.94264173  1506913.26814066]\n",
      " [ 3325818.87781095  3327357.93711305  3318528.52322879 ...\n",
      "   1509580.94264173  1599074.50377052  1609775.43084405]\n",
      " [ 3414599.71815562  3415718.35195394  3406290.69563318 ...\n",
      "   1506913.26814066  1609775.43084405  1652922.92345238]]\n",
      "[[623696.84722429 644939.30823818 609750.56224597 ... 471826.49684757\n",
      "  481834.56218739 487733.45960657]\n",
      " [644939.30823818 687008.15698602 664899.35933979 ... 493187.25585838\n",
      "  502714.9290417  509338.03595156]\n",
      " [609750.56224597 664899.35933979 688518.54854977 ... 491494.53472126\n",
      "  500258.32066389 506695.22010143]\n",
      " ...\n",
      " [471826.49684757 493187.25585838 491494.53472126 ... 643504.83805327\n",
      "  646929.2178345  649014.44147177]\n",
      " [481834.56218739 502714.9290417  500258.32066389 ... 646929.2178345\n",
      "  680364.47526712 694653.09190935]\n",
      " [487733.45960657 509338.03595156 506695.22010143 ... 649014.44147177\n",
      "  694653.09190935 739275.18796704]]\n",
      "[[ 8143432.12728382  7899879.55950528  7605224.13234385 ...\n",
      "   8365330.15359452  8417277.72584919  8339824.09777323]\n",
      " [ 7899879.55950528  8020057.76713926  7816293.180569   ...\n",
      "   8296874.19757243  8411645.53349585  8382929.39912825]\n",
      " [ 7605224.13234385  7816293.180569    7964608.74705462 ...\n",
      "   8276253.22333488  8327204.99308185  8364808.51464447]\n",
      " ...\n",
      " [ 8365330.15359452  8296874.19757243  8276253.22333488 ...\n",
      "   9780125.61516262  9694739.7830085   9584452.59425493]\n",
      " [ 8417277.72584919  8411645.53349585  8327204.99308185 ...\n",
      "   9694739.7830085   9963670.14854643  9864314.50306941]\n",
      " [ 8339824.09777323  8382929.39912825  8364808.51464447 ...\n",
      "   9584452.59425493  9864314.50306941 10092495.683697  ]]\n",
      "[[4308870.83023388 4323205.42226413 4274474.66085009 ... 1882326.4841915\n",
      "  1538990.18337011 1424939.12854675]\n",
      " [4323205.42226413 4421284.84874988 4417064.6050312  ... 1864268.36549807\n",
      "  1536634.00228034 1426520.7004685 ]\n",
      " [4274474.66085009 4417064.6050312  4484996.27500676 ... 1849325.14274016\n",
      "  1539024.10071104 1435267.11561516]\n",
      " ...\n",
      " [1882326.4841915  1864268.36549807 1849325.14274016 ... 4351915.01479299\n",
      "  4040551.64935866 3891662.25186659]\n",
      " [1538990.18337011 1536634.00228034 1539024.10071104 ... 4040551.64935866\n",
      "  3913086.52726352 3843383.36361912]\n",
      " [1424939.12854675 1426520.7004685  1435267.11561516 ... 3891662.25186659\n",
      "  3843383.36361912 3856260.54788219]]\n",
      "[[2540607.55815666 2486594.50716653 2419270.46643233 ... 1541094.51790531\n",
      "  1530227.46491268 1516376.9250334 ]\n",
      " [2486594.50716653 2457531.10235365 2395127.75550677 ... 1505059.78037796\n",
      "  1490666.01027404 1475924.01936278]\n",
      " [2419270.46643233 2395127.75550677 2362838.55279825 ... 1494034.0136994\n",
      "  1470971.45944465 1454370.63350173]\n",
      " ...\n",
      " [1541094.51790531 1505059.78037796 1494034.0136994  ... 1392915.02020875\n",
      "  1328396.6457689  1275094.68975489]\n",
      " [1530227.46491268 1490666.01027404 1470971.45944465 ... 1328396.6457689\n",
      "  1345425.15609967 1298792.30104655]\n",
      " [1516376.9250334  1475924.01936278 1454370.63350173 ... 1275094.68975489\n",
      "  1298792.30104655 1282195.44316539]]\n"
     ]
    },
    {
     "name": "stdout",
     "output_type": "stream",
     "text": [
      "[[6399196.91345574 6259763.34907493 6183125.07016045 ... 7154003.36416178\n",
      "  7155072.95749703 7127196.04404733]\n",
      " [6259763.34907493 6197598.43074573 6143483.48210218 ... 7026374.99704445\n",
      "  7015113.26245596 6970141.64616277]\n",
      " [6183125.07016045 6143483.48210218 6176639.38496865 ... 6981424.69344429\n",
      "  6969053.26421346 6921883.65996341]\n",
      " ...\n",
      " [7154003.36416178 7026374.99704445 6981424.69344429 ... 8627173.34126863\n",
      "  8618822.33297397 8550944.9802246 ]\n",
      " [7155072.95749703 7015113.26245596 6969053.26421346 ... 8618822.33297397\n",
      "  8672044.08978815 8633876.08192508]\n",
      " [7127196.04404733 6970141.64616277 6921883.65996341 ... 8550944.9802246\n",
      "  8633876.08192508 8660214.13030749]]\n",
      "[[5516765.87241714 5677350.29541581 5518476.18167917 ... 3274136.99797898\n",
      "  3229836.13133688 3250248.3472361 ]\n",
      " [5677350.29541581 6003811.53384967 5885407.14935996 ... 3354300.8450577\n",
      "  3344638.79245426 3376661.9991732 ]\n",
      " [5518476.18167917 5885407.14935996 6011575.34522258 ... 3429089.64685143\n",
      "  3392377.50018009 3404232.52723565]\n",
      " ...\n",
      " [3274136.99797898 3354300.8450577  3429089.64685143 ... 2671237.88740688\n",
      "  2581069.8016404  2463050.89446306]\n",
      " [3229836.13133688 3344638.79245426 3392377.50018009 ... 2581069.8016404\n",
      "  2672956.53767678 2642379.59961411]\n",
      " [3250248.3472361  3376661.9991732  3404232.52723565 ... 2463050.89446306\n",
      "  2642379.59961411 2748746.07450875]]\n",
      "[[6795189.58543179 6552191.77263168 6212304.69377106 ... 2839606.95258492\n",
      "  2476438.32413778 2311285.25204083]\n",
      " [6552191.77263168 6493781.72742744 6225221.15602576 ... 2736278.02720848\n",
      "  2358137.7365568  2164810.34825122]\n",
      " [6212304.69377106 6225221.15602576 6233508.25719388 ... 2754218.70753773\n",
      "  2330534.17315433 2100771.25502244]\n",
      " ...\n",
      " [2839606.95258492 2736278.02720848 2754218.70753773 ... 1739950.03353909\n",
      "  1593097.60649237 1487068.43941051]\n",
      " [2476438.32413778 2358137.7365568  2330534.17315433 ... 1593097.60649237\n",
      "  1571174.99421929 1508969.9565514 ]\n",
      " [2311285.25204083 2164810.34825122 2100771.25502244 ... 1487068.43941051\n",
      "  1508969.9565514  1530160.82310824]]\n",
      "[[3459618.85037093 3357268.48720831 3161239.60101304 ... 4395175.48084155\n",
      "  4385104.53325051 4405411.96897017]\n",
      " [3357268.48720831 3303614.01270324 3149827.27136176 ... 4246709.55632935\n",
      "  4245204.24063156 4272778.4662791 ]\n",
      " [3161239.60101304 3149827.27136176 3085883.88693847 ... 4044374.9790241\n",
      "  4066649.95170919 4102056.11144863]\n",
      " ...\n",
      " [4395175.48084155 4246709.55632935 4044374.9790241  ... 7332832.99073633\n",
      "  7219296.35582389 7238530.24485442]\n",
      " [4385104.53325051 4245204.24063156 4066649.95170919 ... 7219296.35582389\n",
      "  7308823.9313372  7331689.89707592]\n",
      " [4405411.96897017 4272778.4662791  4102056.11144863 ... 7238530.24485442\n",
      "  7331689.89707592 7438804.7116447 ]]\n",
      "[[4569682.37456081 4579815.77218538 4548772.46974701 ... 3747266.39433606\n",
      "  3413642.15062536 3055596.51503234]\n",
      " [4579815.77218538 4647206.18456944 4641460.21286627 ... 3734317.24405534\n",
      "  3404652.95568141 3058351.56457667]\n",
      " [4548772.46974701 4641460.21286627 4678181.67139206 ... 3688806.62717013\n",
      "  3369212.03684563 3039479.67468928]\n",
      " ...\n",
      " [3747266.39433606 3734317.24405534 3688806.62717013 ... 4425594.0060526\n",
      "  4011304.06696844 3540737.98567854]\n",
      " [3413642.15062536 3404652.95568141 3369212.03684563 ... 4011304.06696844\n",
      "  3898970.75344082 3568611.33836691]\n",
      " [3055596.51503234 3058351.56457667 3039479.67468928 ... 3540737.98567854\n",
      "  3568611.33836691 3523422.89242212]]\n",
      "[[4237861.91613142 4247469.00782511 4205090.04957793 ... 5370556.40040049\n",
      "  5411540.09525951 5459149.07765478]\n",
      " [4247469.00782511 4307578.31756396 4307715.09658855 ... 5415716.69689649\n",
      "  5451482.23305589 5502563.84850985]\n",
      " [4205090.04957793 4307715.09658855 4377431.8124152  ... 5431537.036162\n",
      "  5463679.75685624 5514078.58340402]\n",
      " ...\n",
      " [5370556.40040049 5415716.69689649 5431537.036162   ... 8192680.07111347\n",
      "  8174981.8062971  8225526.43449411]\n",
      " [5411540.09525951 5451482.23305589 5463679.75685624 ... 8174981.8062971\n",
      "  8221944.2386007  8308339.47915555]\n",
      " [5459149.07765478 5502563.84850985 5514078.58340402 ... 8225526.43449411\n",
      "  8308339.47915555 8471333.98885254]]\n",
      "[[3556176.88626938 3477982.23334664 3309914.1868575  ... 2016188.34544884\n",
      "  1901367.98769225 1867576.92493457]\n",
      " [3477982.23334664 3505385.54987498 3387984.46791924 ... 1982752.42813602\n",
      "  1895051.14068685 1880013.11119603]\n",
      " [3309914.1868575  3387984.46791924 3417118.01839153 ... 1943452.55824865\n",
      "  1866725.51277077 1872421.90985328]\n",
      " ...\n",
      " [2016188.34544884 1982752.42813602 1943452.55824865 ... 4840079.46210231\n",
      "  4669908.36803742 4585951.67719138]\n",
      " [1901367.98769225 1895051.14068685 1866725.51277077 ... 4669908.36803742\n",
      "  4608536.46630535 4569236.58012064]\n",
      " [1867576.92493457 1880013.11119603 1872421.90985328 ... 4585951.67719138\n",
      "  4569236.58012064 4590088.16618217]]\n",
      "[[14205166.28070262 14221059.85663701 14173778.60862101 ...\n",
      "   7080827.97680931  7134168.84487551  7243953.28082284]\n",
      " [14221059.85663701 14274507.89181139 14225373.56587238 ...\n",
      "   7091684.53320006  7145150.98384241  7255556.17742038]\n",
      " [14173778.60862101 14225373.56587238 14217236.72052743 ...\n",
      "   7082111.2811965   7128167.23069012  7236516.5762398 ]\n",
      " ...\n",
      " [ 7080827.97680931  7091684.53320006  7082111.2811965  ...\n",
      "   4038640.41947577  4005894.31869149  4014820.26491013]\n",
      " [ 7134168.84487551  7145150.98384241  7128167.23069012 ...\n",
      "   4005894.31869149  4044551.63489809  4070733.31161992]\n",
      " [ 7243953.28082284  7255556.17742038  7236516.5762398  ...\n",
      "   4014820.26491013  4070733.31161992  4154951.36771238]]\n",
      "[[1900943.50791175 2014353.18017796 2239927.45184039 ... 3813522.29947352\n",
      "  3830923.17478087 3844249.97989334]\n",
      " [2014353.18017796 2221319.58549711 2552588.57076997 ... 4204906.86651671\n",
      "  4226400.90317667 4242355.71052039]\n",
      " [2239927.45184039 2552588.57076997 3143240.98929379 ... 5038121.1655553\n",
      "  5056922.45535726 5072564.83843698]\n",
      " ...\n",
      " [3813522.29947352 4204906.86651671 5038121.1655553  ... 9878592.46781848\n",
      "  9900693.41034697 9910480.20219851]\n",
      " [3830923.17478087 4226400.90317667 5056922.45535726 ... 9900693.41034697\n",
      "  9935574.21601141 9953642.05115533]\n",
      " [3844249.97989334 4242355.71052039 5072564.83843698 ... 9910480.20219851\n",
      "  9953642.05115533 9978460.57146945]]\n",
      "[[4391536.61055206 4364104.50884623 4295943.92586066 ... 3883672.50495649\n",
      "  3916140.90912443 3836741.45566643]\n",
      " [4364104.50884623 4352964.43594395 4301823.97777263 ... 3863213.24943682\n",
      "  3878991.03601016 3802278.23753777]\n",
      " [4295943.92586066 4301823.97777263 4286552.58987377 ... 3839714.30137112\n",
      "  3842860.13639597 3772709.59378144]\n",
      " ...\n",
      " [3883672.50495649 3863213.24943682 3839714.30137112 ... 5388171.26975109\n",
      "  5316212.28367092 5164269.20027139]\n",
      " [3916140.90912443 3878991.03601016 3842860.13639597 ... 5316212.28367092\n",
      "  5529306.90686405 5436355.1605989 ]\n",
      " [3836741.45566643 3802278.23753777 3772709.59378144 ... 5164269.20027139\n",
      "  5436355.1605989  5574887.07246778]]\n",
      "[[3387363.8289815  3283675.57186192 3161160.95643202 ... 2845993.52466439\n",
      "  3086648.35277896 3334450.98355141]\n",
      " [3283675.57186192 3233229.5538503  3139487.54230527 ... 2806263.27812258\n",
      "  3032600.89299625 3262652.0023502 ]\n",
      " [3161160.95643202 3139487.54230527 3103907.96808503 ... 2773109.73466609\n",
      "  2981280.08763817 3192863.35313361]\n",
      " ...\n",
      " [2845993.52466439 2806263.27812258 2773109.73466609 ... 4253363.08778966\n",
      "  4338193.03441995 4355047.35734346]\n",
      " [3086648.35277896 3032600.89299625 2981280.08763817 ... 4338193.03441995\n",
      "  4583179.78168473 4696343.14009607]\n",
      " [3334450.98355141 3262652.0023502  3192863.35313361 ... 4355047.35734346\n",
      "  4696343.14009607 4960747.1577306 ]]\n",
      "[[6142163.27751101 6221918.38778808 6300841.2384667  ... 6384886.32927401\n",
      "  6357143.97093178 6421512.32514109]\n",
      " [6221918.38778808 6527854.1453376  6650766.64446867 ... 6604565.65524481\n",
      "  6559935.66729888 6644444.67628888]\n",
      " [6300841.2384667  6650766.64446867 7000195.63673182 ... 6902594.59296222\n",
      "  6866013.68947355 6978064.68586478]\n",
      " ...\n",
      " [6384886.32927401 6604565.65524481 6902594.59296222 ... 7687208.72564166\n",
      "  7506975.30509151 7488638.7566243 ]\n",
      " [6357143.97093178 6559935.66729888 6866013.68947355 ... 7506975.30509151\n",
      "  7547522.66644236 7540646.63071198]\n",
      " [6421512.32514109 6644444.67628888 6978064.68586478 ... 7488638.7566243\n",
      "  7540646.63071198 7743218.24857022]]\n",
      "[[3644982.42098211 3665444.95906651 3323091.76639043 ... 4623066.77564791\n",
      "  4627540.82933589 4651062.04337694]\n",
      " [3665444.95906651 3775179.71198842 3481970.47614479 ... 4664573.60208636\n",
      "  4677566.93220973 4723295.53454215]\n",
      " [3323091.76639043 3481970.47614479 3352612.97738487 ... 4262999.58141498\n",
      "  4246878.94542129 4292220.84854077]\n",
      " ...\n",
      " [4623066.77564791 4664573.60208636 4262999.58141498 ... 7644315.22531746\n",
      "  7649755.09196215 7513557.96337506]\n",
      " [4627540.82933589 4677566.93220973 4246878.94542129 ... 7649755.09196215\n",
      "  7780846.25309511 7684594.5165404 ]\n",
      " [4651062.04337694 4723295.53454215 4292220.84854077 ... 7513557.96337506\n",
      "  7684594.5165404  7663426.893839  ]]\n",
      "[[16603040.56646398 16577280.21080653 16599392.04765932 ...\n",
      "  10643430.61587021 10820510.38147791 10984946.51812564]\n",
      " [16577280.21080653 16552356.54444338 16573750.98945637 ...\n",
      "  10621474.53642628 10798058.45328311 10962167.85565633]\n",
      " [16599392.04765932 16573750.98945637 16595913.54845502 ...\n",
      "  10641167.80658775 10818023.83295145 10982157.96011291]\n",
      " ...\n",
      " [10643430.61587021 10621474.53642628 10641167.80658775 ...\n",
      "   9160724.81678446  9206299.14081939  9229413.02438058]\n",
      " [10820510.38147791 10798058.45328311 10818023.83295145 ...\n",
      "   9206299.14081939  9303751.93327331  9363315.232537  ]\n",
      " [10984946.51812564 10962167.85565633 10982157.96011291 ...\n",
      "   9229413.02438058  9363315.232537    9460279.89654571]]\n"
     ]
    },
    {
     "name": "stdout",
     "output_type": "stream",
     "text": [
      "[[ 3729000.97226231  3640089.2697817   3492579.40567072 ...\n",
      "   5487882.84592935  5566232.7458233   5599362.52035144]\n",
      " [ 3640089.2697817   3601541.3909496   3496817.76173256 ...\n",
      "   5408898.9337244   5482569.87143999  5512498.39018383]\n",
      " [ 3492579.40567072  3496817.76173256  3470159.75217841 ...\n",
      "   5307449.60221925  5384885.83989677  5408387.61891462]\n",
      " ...\n",
      " [ 5487882.84592935  5408898.9337244   5307449.60221925 ...\n",
      "  10171012.27010216 10167523.62741717 10033943.36261917]\n",
      " [ 5566232.7458233   5482569.87143999  5384885.83989677 ...\n",
      "  10167523.62741717 10404366.5503328  10327751.36172135]\n",
      " [ 5599362.52035144  5512498.39018383  5408387.61891462 ...\n",
      "  10033943.36261917 10327751.36172135 10457643.16983471]]\n",
      "[[11324713.96804324 11311007.99348961 11182335.71471327 ...\n",
      "   4081837.08782049  4083004.77944416  4109127.86448345]\n",
      " [11311007.99348961 11309617.23338737 11193751.83205161 ...\n",
      "   4071980.79918015  4073844.0524816   4099389.8672008 ]\n",
      " [11182335.71471327 11193751.83205161 11103317.24824045 ...\n",
      "   4016917.02944994  4019917.64935228  4044467.89166038]\n",
      " ...\n",
      " [ 4081837.08782049  4071980.79918015  4016917.02944994 ...\n",
      "   1714643.67591066  1713170.84091103  1722922.68868594]\n",
      " [ 4083004.77944416  4073844.0524816   4019917.64935228 ...\n",
      "   1713170.84091103  1713220.92536225  1723121.07108199]\n",
      " [ 4109127.86448345  4099389.8672008   4044467.89166038 ...\n",
      "   1722922.68868594  1723121.07108199  1734018.03165609]]\n",
      "[[14979102.14494387 14992276.842506   14988453.23594821 ...\n",
      "  10143832.8488797  10658528.72927076 11273258.94319255]\n",
      " [14992276.842506   15008057.73159065 15005072.71187214 ...\n",
      "  10160560.71277877 10673186.66244853 11283175.41256941]\n",
      " [14988453.23594821 15005072.71187214 15002599.31573833 ...\n",
      "  10161948.28997512 10673573.8561496  11280531.60015456]\n",
      " ...\n",
      " [10143832.8488797  10160560.71277877 10161948.28997512 ...\n",
      "   7896789.60463379  8058362.88170241  8129008.89702301]\n",
      " [10658528.72927076 10673186.66244853 10673573.8561496  ...\n",
      "   8058362.88170241  8542093.83775677  8774702.19142976]\n",
      " [11273258.94319255 11283175.41256941 11280531.60015456 ...\n",
      "   8129008.89702301  8774702.19142976  9443007.16621477]]\n",
      "[[8184266.15535643 8088834.49148035 8023575.16624071 ... 8265041.44316544\n",
      "  8147282.97138045 8116824.23552844]\n",
      " [8088834.49148035 8091324.07866817 8069749.54462005 ... 8198558.97483454\n",
      "  8087423.44454869 8066725.97829048]\n",
      " [8023575.16624071 8069749.54462005 8213201.77253021 ... 8245085.31022902\n",
      "  8138281.99793642 8135382.60759606]\n",
      " ...\n",
      " [8265041.44316544 8198558.97483454 8245085.31022902 ... 9122057.04734964\n",
      "  8917607.96898202 8773401.12556578]\n",
      " [8147282.97138045 8087423.44454869 8138281.99793642 ... 8917607.96898202\n",
      "  8828750.67283059 8738439.87345705]\n",
      " [8116824.23552844 8066725.97829048 8135382.60759606 ... 8773401.12556578\n",
      "  8738439.87345705 8776656.477144  ]]\n",
      "[[5280816.66044946 5101342.44627852 4426511.19928032 ... 2894201.3227448\n",
      "  2892839.38951291 2677576.13773012]\n",
      " [5101342.44627852 5200520.66672513 4670943.85963642 ... 2835164.01201152\n",
      "  2804041.26056702 2620389.38982617]\n",
      " [4426511.19928032 4670943.85963642 4690447.36682093 ... 2629756.34006789\n",
      "  2532841.66024782 2356481.26497495]\n",
      " ...\n",
      " [2894201.3227448  2835164.01201152 2629756.34006789 ... 2385622.12850461\n",
      "  2167784.34740353 1727925.85653111]\n",
      " [2892839.38951291 2804041.26056702 2532841.66024782 ... 2167784.34740353\n",
      "  2238964.7606047  1889208.74673491]\n",
      " [2677576.13773012 2620389.38982617 2356481.26497495 ... 1727925.85653111\n",
      "  1889208.74673491 1842105.59917883]]\n",
      "[[7891766.59866903 7914552.74403186 7442238.16155018 ... 4508616.93240888\n",
      "  4883497.19307326 5048072.24676447]\n",
      " [7914552.74403186 8239133.01917938 7855990.53469812 ... 4796060.92033585\n",
      "  5101748.85708505 5255445.29496148]\n",
      " [7442238.16155018 7855990.53469812 8112005.73708288 ... 4881570.4074012\n",
      "  5013969.04561356 5152028.76290698]\n",
      " ...\n",
      " [4508616.93240888 4796060.92033585 4881570.4074012  ... 5651838.15956111\n",
      "  5615090.67783141 5590090.81650124]\n",
      " [4883497.19307326 5101748.85708505 5013969.04561356 ... 5615090.67783141\n",
      "  5870661.22533563 5848504.72257348]\n",
      " [5048072.24676447 5255445.29496148 5152028.76290698 ... 5590090.81650124\n",
      "  5848504.72257348 5986730.00895107]]\n",
      "[[4431046.90610182 4213163.51158692 3965943.85403907 ... 3913714.78238728\n",
      "  3863988.93004547 3857237.08338324]\n",
      " [4213163.51158692 4179030.69752643 3976473.04970179 ... 3875619.73449418\n",
      "  3832778.39470118 3831362.8366032 ]\n",
      " [3965943.85403907 3976473.04970179 3950942.55520408 ... 3792139.62468263\n",
      "  3734612.67216833 3713691.01190668]\n",
      " ...\n",
      " [3913714.78238728 3875619.73449418 3792139.62468263 ... 4044212.9919131\n",
      "  3979763.43062869 3947949.15831045]\n",
      " [3863988.93004547 3832778.39470118 3734612.67216833 ... 3979763.43062869\n",
      "  3978926.63280175 3968964.1115162 ]\n",
      " [3857237.08338324 3831362.8366032  3713691.01190668 ... 3947949.15831045\n",
      "  3968964.1115162  3998676.62800162]]\n",
      "[[ 3600287.31245038  3763464.39620945  3810388.8528849  ...\n",
      "   5193412.18655237  5273151.7005758   5374875.34882795]\n",
      " [ 3763464.39620945  4127074.94977324  4219439.48368351 ...\n",
      "   5718773.40279148  5807632.53699668  5932602.78675843]\n",
      " [ 3810388.8528849   4219439.48368351  4451034.1088134  ...\n",
      "   5995174.42751931  6143815.82408939  6267245.03446299]\n",
      " ...\n",
      " [ 5193412.18655237  5718773.40279148  5995174.42751931 ...\n",
      "  10599091.2009021  10525328.60962294 10583831.57094888]\n",
      " [ 5273151.7005758   5807632.53699668  6143815.82408939 ...\n",
      "  10525328.60962294 10991410.15706334 11107267.37589539]\n",
      " [ 5374875.34882795  5932602.78675843  6267245.03446299 ...\n",
      "  10583831.57094888 11107267.37589539 11619088.93561798]]\n",
      "[[13035945.41573265 13051616.36109771 13062825.55394959 ...\n",
      "  12507929.00692233 12650881.54679743 12739168.5928018 ]\n",
      " [13051616.36109771 13072161.57676987 13086896.98095975 ...\n",
      "  12531146.75798357 12674878.04356893 12762899.80869981]\n",
      " [13062825.55394959 13086896.98095975 13106179.5378255  ...\n",
      "  12550530.41854893 12694718.59822683 12782007.8364801 ]\n",
      " ...\n",
      " [12507929.00692233 12531146.75798357 12550530.41854893 ...\n",
      "  12239911.83185449 12375360.63506467 12459087.92088342]\n",
      " [12650881.54679743 12674878.04356893 12694718.59822683 ...\n",
      "  12375360.63506467 12515506.97224679 12602309.64814129]\n",
      " [12739168.5928018  12762899.80869981 12782007.8364801  ...\n",
      "  12459087.92088342 12602309.64814129 12692918.78062646]]\n",
      "[[12633691.15588929 12261916.62258705 11802294.95227014 ...\n",
      "  11531201.08972743 11461903.53702676 11412328.52379009]\n",
      " [12261916.62258705 12001570.37093493 11628332.24587128 ...\n",
      "  11233919.1321613  11176188.42463991 11128757.36881663]\n",
      " [11802294.95227014 11628332.24587128 11455927.38905895 ...\n",
      "  10974945.90063693 10907875.15695185 10853581.12668806]\n",
      " ...\n",
      " [11531201.08972743 11233919.1321613  10974945.90063693 ...\n",
      "  11460629.44767558 11253650.06936171 11025644.03776832]\n",
      " [11461903.53702676 11176188.42463991 10907875.15695185 ...\n",
      "  11253650.06936171 11228596.72636864 11068770.01669331]\n",
      " [11412328.52379009 11128757.36881663 10853581.12668806 ...\n",
      "  11025644.03776832 11068770.01669331 11097276.50172003]]\n",
      "[[6204615.80408918 6221655.64831996 5930481.13202775 ... 5631592.591182\n",
      "  5583156.14501381 5320482.77037662]\n",
      " [6221655.64831996 6545253.5339068  6249772.00783447 ... 5832309.48261348\n",
      "  5775554.60010513 5515061.76026373]\n",
      " [5930481.13202775 6249772.00783447 6252150.31257583 ... 5698119.78862487\n",
      "  5636041.96579932 5387579.82368206]\n",
      " ...\n",
      " [5631592.591182   5832309.48261348 5698119.78862487 ... 6261590.59658238\n",
      "  6020232.62173131 5382886.39472604]\n",
      " [5583156.14501381 5775554.60010513 5636041.96579932 ... 6020232.62173131\n",
      "  6024602.2459141  5430489.90322757]\n",
      " [5320482.77037662 5515061.76026373 5387579.82368206 ... 5382886.39472604\n",
      "  5430489.90322757 5357873.47972944]]\n",
      "[[7514568.02867289 7284249.3982504  6539885.17353272 ... 7451794.49065125\n",
      "  7336423.5106921  7205754.7249787 ]\n",
      " [7284249.3982504  7300392.24319486 6716464.25720369 ... 7419559.70098543\n",
      "  7287604.39156821 7198459.97436547]\n",
      " [6539885.17353272 6716464.25720369 6554555.31200935 ... 6794316.50491561\n",
      "  6660857.66597208 6598827.2407867 ]\n",
      " ...\n",
      " [7451794.49065125 7419559.70098543 6794316.50491561 ... 9691429.74656716\n",
      "  9155008.0324461  8704463.79282141]\n",
      " [7336423.5106921  7287604.39156821 6660857.66597208 ... 9155008.0324461\n",
      "  9268539.27756979 8876014.27092359]\n",
      " [7205754.7249787  7198459.97436547 6598827.2407867  ... 8704463.79282141\n",
      "  8876014.27092359 8987670.68086047]]\n"
     ]
    },
    {
     "name": "stdout",
     "output_type": "stream",
     "text": [
      "[[5378860.66947318 5461412.40706031 5449151.51631326 ... 5092661.51047266\n",
      "  5076483.52737885 5052617.12509648]\n",
      " [5461412.40706031 5694052.82704006 5666845.14421058 ... 5180610.47129734\n",
      "  5186967.79195895 5172496.43383857]\n",
      " [5449151.51631326 5666845.14421058 5768445.96903113 ... 5229044.79073542\n",
      "  5218295.93542516 5197412.99783526]\n",
      " ...\n",
      " [5092661.51047266 5180610.47129734 5229044.79073542 ... 5520728.81797204\n",
      "  5485003.34163947 5403445.80292173]\n",
      " [5076483.52737885 5186967.79195895 5218295.93542516 ... 5485003.34163947\n",
      "  5537524.38030646 5479665.32515206]\n",
      " [5052617.12509648 5172496.43383857 5197412.99783526 ... 5403445.80292173\n",
      "  5479665.32515206 5491156.95695897]]\n",
      "[[4221486.92889569 4249382.53279571 4274810.36812376 ... 3103867.99132765\n",
      "  3060937.0604699  3015931.48136645]\n",
      " [4249382.53279571 4287825.30487025 4324634.32397692 ... 3124873.34074223\n",
      "  3081186.78973209 3036755.35892163]\n",
      " [4274810.36812376 4324634.32397692 4381680.82197243 ... 3151490.716486\n",
      "  3106163.33073383 3062420.24147676]\n",
      " ...\n",
      " [3103867.99132765 3124873.34074223 3151490.716486   ... 2880636.09951682\n",
      "  2857620.25566573 2803896.19293149]\n",
      " [3060937.0604699  3081186.78973209 3106163.33073383 ... 2857620.25566573\n",
      "  2857565.31815342 2811171.00069519]\n",
      " [3015931.48136645 3036755.35892163 3062420.24147676 ... 2803896.19293149\n",
      "  2811171.00069519 2776708.14207268]]\n",
      "[[10745284.88973207 10577291.35561952 10369544.58054302 ...\n",
      "   8963071.02508949  8762745.03891522  9172300.24370898]\n",
      " [10577291.35561952 10633541.63865938 10417652.19640762 ...\n",
      "   8904512.75199179  8734360.48857012  9115667.93978299]\n",
      " [10369544.58054302 10417652.19640762 10491310.23255423 ...\n",
      "   8832501.62129889  8675808.15996747  9049434.4616045 ]\n",
      " ...\n",
      " [ 8963071.02508949  8904512.75199179  8832501.62129889 ...\n",
      "   7954902.40888226  7684827.63343691  7943481.97404515]\n",
      " [ 8762745.03891522  8734360.48857012  8675808.15996747 ...\n",
      "   7684827.63343691  7717070.7764908   7786782.01252826]\n",
      " [ 9172300.24370898  9115667.93978299  9049434.4616045  ...\n",
      "   7943481.97404515  7786782.01252826  8343278.3769166 ]]\n",
      "[[12468861.22306766 12338154.0492537  12247090.18597884 ...\n",
      "  12217666.29750363 12255973.26566654 12336943.27269867]\n",
      " [12338154.0492537  12250874.26453142 12163476.02747408 ...\n",
      "  12114061.98488903 12153253.57576088 12226933.47140125]\n",
      " [12247090.18597884 12163476.02747408 12125502.73414828 ...\n",
      "  12041095.01746571 12086434.39977127 12164133.67352954]\n",
      " ...\n",
      " [12217666.29750363 12114061.98488903 12041095.01746571 ...\n",
      "  12372158.42793545 12379356.13340904 12425888.79865674]\n",
      " [12255973.26566654 12153253.57576088 12086434.39977127 ...\n",
      "  12379356.13340904 12434211.0707705  12493563.79904822]\n",
      " [12336943.27269867 12226933.47140125 12164133.67352954 ...\n",
      "  12425888.79865674 12493563.79904822 12580579.05960518]]\n",
      "[[4231485.98048821 4130212.28712303 3970668.70916008 ... 3313674.05673213\n",
      "  3351220.35647242 3365523.87839468]\n",
      " [4130212.28712303 4082504.27569666 3927517.3697037  ... 3276358.7791198\n",
      "  3317520.97196158 3327294.05792165]\n",
      " [3970668.70916008 3927517.3697037  3852095.55019058 ... 3193813.07558422\n",
      "  3213102.85605692 3210069.83891343]\n",
      " ...\n",
      " [3313674.05673213 3276358.7791198  3193813.07558422 ... 3040455.30950216\n",
      "  3035478.02857739 3021841.85558306]\n",
      " [3351220.35647242 3317520.97196158 3213102.85605692 ... 3035478.02857739\n",
      "  3081218.05025141 3081378.88867833]\n",
      " [3365523.87839468 3327294.05792165 3210069.83891343 ... 3021841.85558306\n",
      "  3081378.88867833 3105325.42492497]]\n",
      "[[6740279.19139588 6817644.67286606 6798062.48390471 ... 4859894.74638069\n",
      "  4598069.26504274 4447985.61834293]\n",
      " [6817644.67286606 6925521.57267611 6922563.9681107  ... 4890095.23165662\n",
      "  4628096.63302424 4493241.36674737]\n",
      " [6798062.48390471 6922563.9681107  7021459.40194001 ... 4832891.01181004\n",
      "  4566017.77743282 4438467.67115218]\n",
      " ...\n",
      " [4859894.74638069 4890095.23165662 4832891.01181004 ... 4816580.89839102\n",
      "  4438805.99754929 4202594.84656429]\n",
      " [4598069.26504274 4628096.63302424 4566017.77743282 ... 4438805.99754929\n",
      "  4303250.73134011 4107588.97870142]\n",
      " [4447985.61834293 4493241.36674737 4438467.67115218 ... 4202594.84656429\n",
      "  4107588.97870142 4179104.02179467]]\n",
      "[[5258627.29086168 5270439.01899172 5225269.32196605 ... 6584166.12888761\n",
      "  6537787.28776616 6500105.96719861]\n",
      " [5270439.01899172 5332578.06554725 5298969.46990045 ... 6648487.33182742\n",
      "  6603206.74902022 6563617.13047228]\n",
      " [5225269.32196605 5298969.46990045 5292781.14708161 ... 6616580.59034325\n",
      "  6565236.08759211 6534202.91538346]\n",
      " ...\n",
      " [6584166.12888761 6648487.33182742 6616580.59034325 ... 9162976.08326517\n",
      "  9070142.93946177 9014003.0324158 ]\n",
      " [6537787.28776616 6603206.74902022 6565236.08759211 ... 9070142.93946177\n",
      "  9128892.20970484 9087697.55781844]\n",
      " [6500105.96719861 6563617.13047228 6534202.91538346 ... 9014003.0324158\n",
      "  9087697.55781844 9158405.36591928]]\n",
      "[[14686137.35117641 14633573.95350224 14548460.1894919  ...\n",
      "   4622520.71138971  4895805.90338421  5858337.63525304]\n",
      " [14633573.95350224 14598662.40477213 14508159.53142622 ...\n",
      "   4610416.79095662  4880585.83127364  5843756.41809708]\n",
      " [14548460.1894919  14508159.53142622 14462848.80181189 ...\n",
      "   4594302.23553351  4866978.14862298  5816608.24304245]\n",
      " ...\n",
      " [ 4622520.71138971  4610416.79095662  4594302.23553351 ...\n",
